[START] 07_evaluation @ 2025-10-21 22:21:59
[INFO] 22:22:00 — {
  "lr_auc": 0.5298394143553092,
  "lr_pr_auc": 0.8065750347714207,
  "lr_brier": 0.1665018246669184,
  "xgb_auc": 0.5271662740967898,
  "xgb_pr_auc": 0.8038207139755489,
  "xgb_brier": 0.16669873725855744,
  "xgb_churn_r2": 0.4250251772095418,
  "xgb_churn_rmse": 0.04444347097502541
}
[END] 07_evaluation — ✅ OK — runtime: 1.98s
